fecha	dds	variedad	sistema	rendimiento	NDVI	CIGREEN	CVI	EVI 	GNDVI	LCI	MCARI	RECL	SAVI
31/07/2023	130	Capirona	Tradicional	6474	0.545	1.874	2.442	0.359	0.479	0.545	0.248	2.45	0.364
31/07/2023	130	Capirona	Tradicional	6867	0.587	1.982	2.31	0.4	0.492	0.587	0.337	2.947	0.396
31/07/2023	130	Capirona	Cordel	6539	0.566	1.971	2.454	0.395	0.492	0.566	0.305	2.691	0.393
31/07/2023	130	Capirona	Cordel	7959	0.65	2.366	2.379	0.473	0.537	0.65	0.429	3.896	0.455
31/07/2023	130	Capirona	Cordel	7090	0.726	2.919	2.39	0.554	0.588	0.726	0.515	5.632	0.516
31/07/2023	130	Capirona	Cordel	7972	0.672	2.486	2.379	0.5	0.55	0.672	0.447	4.267	0.477
31/07/2023	130	Conquista_certificada	Tradicional	8371	0.643	2.023	1.985	0.461	0.499	0.643	0.466	3.683	0.45
31/07/2023	130	Conquista_certificada	Tradicional	8146	0.674	2.283	2.097	0.543	0.53	0.674	0.569	4.267	0.508
31/07/2023	130	Conquista_certificada	Tradicional	9278	0.733	2.862	2.275	0.577	0.585	0.733	0.61	5.737	0.536
31/07/2023	130	Conquista_certificada	Tradicional	6927	0.77	3.684	2.816	0.567	0.645	0.77	0.475	6.971	0.529
31/07/2023	130	Conquista_certificada	Tradicional	8253	0.752	3.13	2.365	0.635	0.606	0.752	0.653	6.381	0.574
31/07/2023	130	Conquista_certificada	Tradicional	7049	0.651	2.128	2.07	0.445	0.512	0.651	0.419	3.842	0.433
31/07/2023	130	Conquista_registrada	Cordel	8259	0.766	3.702	2.877	0.561	0.645	0.766	0.448	6.866	0.524
31/07/2023	130	Conquista_registrada	Cordel	5434	0.791	4.157	3.043	0.554	0.672	0.791	0.414	7.931	0.519
31/07/2023	130	Conquista_registrada	Cordel	6647	0.777	3.947	3.021	0.625	0.661	0.777	0.491	7.288	0.567
31/07/2023	130	Conquista_registrada	Cordel	5564	0.745	3.628	3.089	0.494	0.641	0.745	0.346	6.086	0.472
31/07/2023	130	Conquista_registrada	Cordel	8031	0.767	3.809	2.965	0.569	0.65	0.767	0.455	7.019	0.527
31/07/2023	130	Conquista_registrada	Cordel	5522	0.761	3.882	3.177	0.527	0.656	0.761	0.385	6.663	0.5
31/07/2023	130	Esperanza	Cordel	6500	0.675	3.016	3.06	0.451	0.596	0.675	0.333	4.458	0.439
31/07/2023	130	Esperanza	Cordel	8360	0.669	2.949	3.006	0.453	0.591	0.669	0.332	4.356	0.445
31/07/2023	130	Esperanza	Cordel	8895	0.794	4.409	3.223	0.606	0.681	0.794	0.483	8.364	0.557
31/07/2023	130	Esperanza	Cordel	9393	0.794	4.641	3.49	0.577	0.69	0.794	0.412	8.396	0.54
31/07/2023	130	Esperanza	Cordel	9192	0.697	3.286	3.189	0.466	0.616	0.697	0.313	4.929	0.454
31/07/2023	130	Esperanza	Cordel	7800	0.709	3.397	3.225	0.492	0.625	0.709	0.34	5.187	0.474
17/07/2023	116	Capirona	Tradicional	6474	0.732	2.969	2.431	0.553	0.594	0.347	0.596	5.613	0.52
17/07/2023	116	Capirona	Tradicional	6867	0.829	4.352	2.6	0.662	0.679	0.476	0.754	10.234	0.598
17/07/2023	116	Capirona	Cordel	6539	0.813	3.788	2.325	0.637	0.651	0.472	0.648	9.029	0.581
17/07/2023	116	Capirona	Cordel	7959	0.849	4.806	2.677	0.752	0.701	0.544	0.747	11.809	0.66
17/07/2023	116	Capirona	Cordel	7090	0.877	5.763	2.94	0.815	0.739	0.601	0.767	14.717	0.701
17/07/2023	116	Capirona	Cordel	7972	0.864	5.216	2.756	0.742	0.719	0.568	0.721	13.186	0.655
17/07/2023	116	Conquista_certificada	Tradicional	8371	0.804	4.433	3.158	0.616	0.686	0.486	0.538	8.51	0.569
17/07/2023	116	Conquista_certificada	Tradicional	8146	0.828	5.092	3.445	0.631	0.715	0.517	0.553	9.962	0.578
17/07/2023	116	Conquista_certificada	Tradicional	9278	0.859	5.899	3.549	0.701	0.743	0.576	0.596	12.597	0.63
17/07/2023	116	Conquista_certificada	Tradicional	6927	0.879	6.665	3.743	0.71	0.767	0.627	0.531	14.901	0.635
17/07/2023	116	Conquista_certificada	Tradicional	8253	0.876	6.653	3.814	0.726	0.766	0.609	0.599	14.527	0.646
17/07/2023	116	Conquista_certificada	Tradicional	7049	0.809	4.59	3.269	0.593	0.693	0.504	0.48	8.756	0.553
17/07/2023	116	Conquista_registrada	Cordel	8259	0.886	6.911	3.7	0.759	0.773	0.656	0.523	16.112	0.669
17/07/2023	116	Conquista_registrada	Cordel	5434	0.885	6.678	3.527	0.746	0.766	0.652	0.516	15.953	0.657
17/07/2023	116	Conquista_registrada	Cordel	6647	0.893	7.203	3.708	0.776	0.779	0.666	0.548	17.379	0.678
17/07/2023	116	Conquista_registrada	Cordel	5564	0.876	6.204	3.368	0.728	0.753	0.633	0.517	14.582	0.644
17/07/2023	116	Conquista_registrada	Cordel	8031	0.898	7.403	3.725	0.814	0.785	0.667	0.618	18.089	0.706
17/07/2023	116	Conquista_registrada	Cordel	5522	0.888	6.815	3.528	0.769	0.769	0.65	0.571	16.478	0.676
17/07/2023	116	Esperanza	Cordel	6500	0.775	4.031	3.063	0.616	0.662	0.465	0.517	7.593	0.56
17/07/2023	116	Esperanza	Cordel	8360	0.771	3.927	3.018	0.61	0.657	0.466	0.484	7.279	0.559
17/07/2023	116	Esperanza	Cordel	8895	0.873	5.981	3.198	0.755	0.744	0.61	0.608	14.44	0.657
17/07/2023	116	Esperanza	Cordel	9393	0.857	5.887	3.485	0.711	0.74	0.594	0.535	12.864	0.631
17/07/2023	116	Esperanza	Cordel	9192	0.821	4.872	3.255	0.673	0.704	0.552	0.473	9.842	0.602
17/07/2023	116	Esperanza	Cordel	7800	0.837	5.307	3.408	0.683	0.721	0.574	0.484	10.96	0.612
4/07/2023	103	Capirona	Tradicional	6474	0.862	5.184	2.776	0.738	0.715	0.536	0.866	13.018	0.656
4/07/2023	103	Capirona	Tradicional	6867	0.896	6.671	3.121	0.832	0.762	0.61	0.978	18.151	0.721
4/07/2023	103	Capirona	Cordel	6539	0.887	6.112	2.919	0.936	0.747	0.588	1.234	16.533	0.786
4/07/2023	103	Capirona	Cordel	7959	0.897	6.349	2.825	0.85	0.753	0.615	0.998	18.486	0.73
4/07/2023	103	Capirona	Cordel	7090	0.913	7.165	2.911	0.909	0.776	0.637	1.168	22.178	0.77
4/07/2023	103	Capirona	Cordel	7972	0.901	6.792	2.987	0.896	0.765	0.595	1.307	19.648	0.765
4/07/2023	103	Conquista_certificada	Tradicional	8371	0.872	5.409	2.745	0.77	0.724	0.584	0.767	14.119	0.677
4/07/2023	103	Conquista_certificada	Tradicional	8146	0.892	7.101	3.642	1.018	0.775	0.623	1.219	17.226	0.838
4/07/2023	103	Conquista_certificada	Tradicional	9278	0.898	7.017	3.374	0.855	0.772	0.646	0.807	18.281	0.736
4/07/2023	103	Conquista_certificada	Tradicional	6927	0.904	7.663	3.654	0.863	0.788	0.665	0.786	19.757	0.743
4/07/2023	103	Conquista_certificada	Tradicional	8253	0.894	6.918	3.401	0.843	0.77	0.642	0.783	17.609	0.73
4/07/2023	103	Conquista_certificada	Tradicional	7049	0.856	5.246	2.938	0.767	0.716	0.566	0.744	12.473	0.668
4/07/2023	103	Conquista_registrada	Cordel	8259	0.886	6.692	3.396	0.67	0.762	0.635	0.526	16.679	0.607
4/07/2023	103	Conquista_registrada	Cordel	5434	0.905	7.716	3.579	0.801	0.787	0.67	0.698	20.609	0.694
4/07/2023	103	Conquista_registrada	Cordel	6647	0.905	8.016	3.778	0.809	0.793	0.676	0.666	20.888	0.7
4/07/2023	103	Conquista_registrada	Cordel	5564	0.893	7.375	3.727	0.773	0.779	0.658	0.629	18.354	0.674
4/07/2023	103	Conquista_registrada	Cordel	8031	0.905	7.384	3.312	0.585	0.78	0.64	0.531	20.438	0.547
4/07/2023	103	Conquista_registrada	Cordel	5522	0.908	7.675	3.455	0.692	0.786	0.656	0.628	21.038	0.625
4/07/2023	103	Esperanza	Cordel	6500	0.872	5.96	3.176	0.738	0.741	0.574	0.805	14.637	0.657
4/07/2023	103	Esperanza	Cordel	8360	0.88	6.179	3.164	0.777	0.748	0.592	0.844	15.587	0.686
4/07/2023	103	Esperanza	Cordel	8895	0.919	8.687	3.806	0.821	0.808	0.695	0.732	24.075	0.711
4/07/2023	103	Esperanza	Cordel	9393	0.915	8.604	3.952	0.84	0.806	0.682	0.794	22.759	0.726
4/07/2023	103	Esperanza	Cordel	9192	0.878	6.486	3.5	0.778	0.759	0.625	0.676	15.418	0.678
4/07/2023	103	Esperanza	Cordel	7800	0.879	6.428	3.457	0.759	0.758	0.627	0.637	15.348	0.662
19/06/2023	88	Capirona	Tradicional	6474	0.946	8.656	2.466	0.7	0.806	0.685	1.056	37.802	0.636
19/06/2023	88	Capirona	Tradicional	6867	0.961	10.984	2.653	0.781	0.84	0.733	1.31	55.325	0.694
19/06/2023	88	Capirona	Cordel	6539	0.952	9.443	2.543	0.787	0.819	0.713	1.166	43.329	0.697
19/06/2023	88	Capirona	Cordel	7959	0.948	9.583	2.779	0.805	0.821	0.715	1.082	40.516	0.706
19/06/2023	88	Capirona	Cordel	7090	0.946	9.628	2.882	0.851	0.821	0.718	1.093	39.045	0.737
19/06/2023	88	Capirona	Cordel	7972	0.951	10.006	2.862	0.834	0.828	0.722	1.154	42.461	0.726
19/06/2023	88	Conquista_certificada	Tradicional	8371	0.958	11.854	3.47	0.743	0.85	0.758	0.82	47.565	0.668
19/06/2023	88	Conquista_certificada	Tradicional	8146	0.962	13.486	3.915	0.735	0.867	0.779	0.763	53.654	0.664
19/06/2023	88	Conquista_certificada	Tradicional	9278	0.967	14.551	3.881	0.783	0.876	0.792	0.86	62.809	0.698
19/06/2023	88	Conquista_certificada	Tradicional	6927	0.967	14.581	3.92	0.792	0.876	0.786	0.938	62.616	0.705
19/06/2023	88	Conquista_certificada	Tradicional	8253	0.967	14.303	3.801	0.742	0.874	0.787	0.834	61.776	0.67
19/06/2023	88	Conquista_certificada	Tradicional	7049	0.954	10.838	3.212	0.714	0.84	0.738	0.874	43.752	0.646
19/06/2023	88	Conquista_registrada	Cordel	8259	0.955	11.812	3.602	0.759	0.851	0.756	0.837	45.971	0.677
19/06/2023	88	Conquista_registrada	Cordel	5434	0.96	12.392	3.461	0.759	0.857	0.761	0.938	52.273	0.677
19/06/2023	88	Conquista_registrada	Cordel	6647	0.955	12.162	3.736	0.744	0.854	0.758	0.798	46.685	0.665
19/06/2023	88	Conquista_registrada	Cordel	5564	0.952	11.216	3.487	0.69	0.844	0.746	0.74	43.061	0.626
19/06/2023	88	Conquista_registrada	Cordel	8031	0.958	12.084	3.528	0.756	0.854	0.758	0.855	48.71	0.676
19/06/2023	88	Conquista_registrada	Cordel	5522	0.956	11.613	3.376	0.772	0.848	0.752	0.912	47.026	0.685
19/06/2023	88	Esperanza	Cordel	6500	0.942	8.736	2.648	0.661	0.807	0.68	1.029	36.771	0.604
19/06/2023	88	Esperanza	Cordel	8360	0.949	9.333	2.669	0.714	0.818	0.704	1.077	40.63	0.642
19/06/2023	88	Esperanza	Cordel	8895	0.951	11.173	3.445	0.749	0.841	0.75	0.796	43.38	0.667
19/06/2023	88	Esperanza	Cordel	9393	0.958	12.306	3.693	0.767	0.854	0.766	0.817	47.999	0.682
19/06/2023	88	Esperanza	Cordel	9192	0.95	10.748	3.369	0.742	0.838	0.743	0.83	41.162	0.661
19/06/2023	88	Esperanza	Cordel	7800	0.954	11.165	3.328	0.709	0.842	0.745	0.807	44.757	0.639
